72 110 71 115 73 94 107 93 87 82 89 84 90 116 102 96 112 76 117 113 74 92 77 75 78 79 80 105 83 86 81 85 88 106 91 95 97 98 109 99 111 100 101 103 104 108 114 
94 34 164 229 89 199 74 39 149 194 44 169 49 144 214 159 204 119 209 54 59 114 224 64 79 99 69 134 139 174 129 179 84 104 154 109 124 184 189 219 
40 19 79 31 37 94 70 58 22 25 97 28 34 43 88 46 76 85 52 49 55 91 61 64 67 73 82 100 
111 108 92 110 91 121 106 107 118 84 113 103 85 86 87 95 88 89 119 116 115 117 99 90 93 94 102 98 96 97 100 101 104 105 109 112 114 120 122 
118 80 62 98 56 116 94 58 86 78 60 64 66 122 68 70 72 74 76 84 82 88 90 100 92 104 102 96 106 108 110 112 114 120 124 
89 33 37 41 45 133 49 85 73 101 121 97 53 77 65 109 57 61 69 81 117 93 129 105 113 125 137 141 
44 50 36 38 40 64 82 54 48 70 42 46 72 52 56 58 60 74 62 66 68 76 78 80 
66 83 72 74 99 60 71 61 62 63 64 69 65 67 87 68 97 70 93 81 95 82 73 96 100 98 79 75 76 77 78 80 88 101 84 85 86 89 92 90 91 94 102 103 
48 153 93 156 105 126 75 51 54 57 60 81 150 123 90 63 66 69 141 108 72 78 132 84 87 96 99 102 135 111 114 117 120 129 138 144 147 159 162 
107 95 87 159 115 147 79 163 83 143 167 131 99 91 103 111 119 123 127 135 139 151 155 
29 42 44 26 37 33 22 23 30 41 40 50 32 47 24 39 25 27 28 31 34 35 36 38 48 45 43 46 49 
114 69 59 129 104 99 134 74 64 79 84 124 89 144 94 139 109 119 149 154 
92 97 312 222 287 262 187 217 282 102 107 112 202 117 207 167 122 237 142 292 127 247 132 267 257 137 242 147 152 157 162 172 177 197 192 182 212 227 232 252 272 277 297 302 307 
92 76 104 78 60 66 56 58 96 62 68 64 86 90 70 84 94 72 82 74 88 80 98 100 102 
67 69 115 89 93 127 71 109 79 85 73 75 101 113 111 121 77 81 83 117 125 87 131 91 119 139 103 97 95 133 99 141 105 107 123 129 135 137 143 
121 93 173 133 177 117 97 185 109 101 145 149 113 105 125 129 137 157 161 141 153 165 169 181 
55 143 75 95 119 83 79 127 59 63 67 111 71 87 91 99 103 107 115 123 131 135 151 139 147 
38 39 40 41 59 57 54 46 44 42 43 47 58 53 45 48 49 50 51 52 55 56 60 
188 83 86 164 161 104 194 74 77 80 89 110 95 140 92 98 122 101 107 113 116 119 134 191 149 125 170 128 167 131 137 173 143 182 146 152 155 158 176 179 185 
90 205 140 165 95 100 185 255 170 105 210 280 110 115 120 125 235 155 130 190 240 245 135 200 145 150 160 270 175 180 195 215 265 220 275 225 230 250 260 
